service_id,monday,tuesday,wednesday,thursday,friday,saturday,sunday,start_date,end_date
001-DUT,1,1,1,1,1,0,0,20241201,20270317
001-SAB,0,0,0,0,0,1,0,20241201,20270317
001-DOM,0,0,0,0,0,0,1,20241201,20270317
011-DUT,1,1,1,1,1,0,0,20251103,20270317
011-DOM,0,0,0,0,0,0,1,20251103,20270317
011-SAB,0,0,0,0,0,1,0,20251103,20270317
013-DUT,1,1,1,1,1,0,0,20251212,20270317
014-DUT,1,1,1,1,1,0,0,20251212,20270317
014-SAB,0,0,0,0,0,1,0,20251212,20270317
014-DOM,0,0,0,0,0,0,1,20251212,20270317
018-DUT,1,1,1,1,1,0,0,20251215,20270317
018-SAB,0,0,0,0,0,1,0,20251213,20270317
020-DUT,1,1,1,1,1,0,0,20250804,20270317
020-DOM,0,0,0,0,0,0,1,20250725,20270317
020-SAB,0,0,0,0,0,1,0,20250725,20270317
021-DOM,0,0,0,0,0,0,1,20240907,20270317
021-DUT,1,1,1,1,1,0,0,20250917,20270317
021-SAB,0,0,0,0,0,1,0,20230610,20270317
023-DUT,1,1,1,1,1,0,0,20250908,20270317
023-DOM,0,0,0,0,0,0,1,20241225,20270317
023-SAB,0,0,0,0,0,1,0,20250412,20270317
024-DOM,0,0,0,0,0,0,1,20250921,20270317
024-SAB,0,0,0,0,0,1,0,20230506,20270317
024-DUT,1,1,1,1,1,0,0,20250526,20270317
026-DOM,0,0,0,0,0,0,1,20230506,20270317
026-DUT,1,1,1,1,1,0,0,20250630,20270317
026-SAB,0,0,0,0,0,1,0,20210401,20270317
030-DUT,1,1,1,1,1,0,0,20250428,20270317
030-SAB,0,0,0,0,0,1,0,20240303,20270317
030-DOM,0,0,0,0,0,0,1,20240414,20270317
031-DOM,0,0,0,0,0,0,1,20251212,20270317
031-DUT,1,1,1,1,1,0,0,20260309,20270317
031-SAB,0,0,0,0,0,1,0,20251212,20270317
032-DUT,1,1,1,1,1,0,0,20250901,20270317
032-SAB,0,0,0,0,0,1,0,20260307,20270317
032-DOM,0,0,0,0,0,0,1,20260308,20270317
034-DOM,0,0,0,0,0,0,1,20230429,20270317
034-SAB,0,0,0,0,0,1,0,20230429,20270317
034-DUT,1,1,1,1,1,0,0,20240801,20270317
036-DUT,1,1,1,1,1,0,0,20251212,20270317
036-DOM,0,0,0,0,0,0,1,20251212,20270317
036-SAB,0,0,0,0,0,1,0,20251212,20270317
037-SAB,0,0,0,0,0,1,0,20240914,20270317
037-DUT,1,1,1,1,1,0,0,20250416,20270317
037-DOM,0,0,0,0,0,0,1,20240914,20270317
038-SAB,0,0,0,0,0,1,0,20251212,20270317
038-DUT,1,1,1,1,1,0,0,20251212,20270317
038-DOM,0,0,0,0,0,0,1,20251212,20270317
039-DUT,1,1,1,1,1,0,0,20250512,20270317
041-DUT,1,1,1,1,1,0,0,20260316,20270317
043-DUT,1,1,1,1,1,0,0,20250512,20270317
043-DOM,0,0,0,0,0,0,1,20241110,20270317
043-SAB,0,0,0,0,0,1,0,20241109,20270317
044-DUT,1,1,1,1,1,0,0,20251212,20270317
044-DOM,0,0,0,0,0,0,1,20251212,20270317
044-SAB,0,0,0,0,0,1,0,20251212,20270317
049-SAB,0,0,0,0,0,1,0,20230916,20270317
049-DUT,1,1,1,1,1,0,0,20250625,20270317
049-DOM,0,0,0,0,0,0,1,20231029,20270317
050-SAB,0,0,0,0,0,1,0,20250517,20270317
050-DOM,0,0,0,0,0,0,1,20230917,20270317
050-DUT,1,1,1,1,1,0,0,20260302,20270317
061-DOM,0,0,0,0,0,0,1,20260315,20270317
061-SAB,0,0,0,0,0,1,0,20260314,20270317
061-DUT,1,1,1,1,1,0,0,20251212,20270317
062-DUT,1,1,1,1,1,0,0,20251218,20270317
062-SAB,0,0,0,0,0,1,0,20251218,20270317
062-DOM,0,0,0,0,0,0,1,20260208,20270317
063-DUT,1,1,1,1,1,0,0,20251212,20270317
063-DOM,0,0,0,0,0,0,1,20251212,20270317
063-SAB,0,0,0,0,0,1,0,20251212,20270317
064-SAB,0,0,0,0,0,1,0,20251120,20270317
064-DUT,1,1,1,1,1,0,0,20260202,20270317
065-SAB,0,0,0,0,0,1,0,20251120,20270317
065-DUT,1,1,1,1,1,0,0,20251120,20270317
065-DOM,0,0,0,0,0,0,1,20251120,20270317
069-DOM,0,0,0,0,0,0,1,20200502,20270317
069-DUT,1,1,1,1,1,0,0,20251013,20270317
069-SAB,0,0,0,0,0,1,0,20200912,20270317
070-DOM,0,0,0,0,0,0,1,20230820,20270317
070-SAB,0,0,0,0,0,1,0,20251011,20270317
070-DUT,1,1,1,1,1,0,0,20250625,20270317
071-DUT,1,1,1,1,1,0,0,20251212,20270317
071-DOM,0,0,0,0,0,0,1,20251212,20270317
071-SAB,0,0,0,0,0,1,0,20251212,20270317
072-DUT,1,1,1,1,1,0,0,20260202,20270317
072-SAB,0,0,0,0,0,1,0,20260207,20270317
073-DUT,1,1,1,1,1,0,0,20251212,20270317
073-DOM,0,0,0,0,0,0,1,20251212,20270317
073-SAB,0,0,0,0,0,1,0,20251212,20270317
075-DUT,1,1,1,1,1,0,0,20250922,20270317
075-DOM,0,0,0,0,0,0,1,20250921,20270317
075-SAB,0,0,0,0,0,1,0,20250920,20270317
080-SAB,0,0,0,0,0,1,0,20230506,20270317
080-DOM,0,0,0,0,0,0,1,20240901,20270317
080-DUT,1,1,1,1,1,0,0,20250415,20270317
101-SAB,0,0,0,0,0,1,0,20251212,20270317
101-DUT,1,1,1,1,1,0,0,20251212,20270317
101-DOM,0,0,0,0,0,0,1,20251229,20270317
102-SAB,0,0,0,0,0,1,0,20221119,20270317
102-DOM,0,0,0,0,0,0,1,20240901,20270317
102-DUT,1,1,1,1,1,0,0,20260303,20270317
103-DUT,1,1,1,1,1,0,0,20250428,20270317
103-DOM,0,0,0,0,0,0,1,20241124,20270317
103-SAB,0,0,0,0,0,1,0,20251018,20270317
104-DUT,1,1,1,1,1,0,0,20250616,20270317
106-DUT,1,1,1,1,1,0,0,20231101,20270317
106-SAB,0,0,0,0,0,1,0,20230701,20270317
106-DOM,0,0,0,0,0,0,1,20200501,20270317
1062-DOM,0,0,0,0,0,0,1,20231201,20270317
1062-DUT,1,1,1,1,1,0,0,20250804,20270317
1062-SAB,0,0,0,0,0,1,0,20231201,20270317
107-DUT,1,1,1,1,1,0,0,20251212,20270317
107-SAB,0,0,0,0,0,1,0,20251212,20270317
1076-DOM,0,0,0,0,0,0,1,20250621,20270317
1076-DUT,1,1,1,1,1,0,0,20250804,20270317
1076-SAB,0,0,0,0,0,1,0,20250620,20270317
108-DUT,1,1,1,1,1,0,0,20220401,20270317
108-SAB,0,0,0,0,0,1,0,20230805,20270317
110-DUT,1,1,1,1,1,0,0,20241002,20270317
110-SAB,0,0,0,0,0,1,0,20241123,20270317
110-DOM,0,0,0,0,0,0,1,20240501,20270317
1100-SAB,0,0,0,0,0,1,0,20250409,20270317
1100-DUT,1,1,1,1,1,0,0,20250409,20270317
1100-DOM,0,0,0,0,0,0,1,20250409,20270317
115-SAB,0,0,0,0,0,1,0,20241019,20270317
115-DUT,1,1,1,1,1,0,0,20241002,20270317
115-DOM,0,0,0,0,0,0,1,20240901,20270317
116-SAB,0,0,0,0,0,1,0,20251212,20270317
116-DUT,1,1,1,1,1,0,0,20251212,20270317
117-SAB,0,0,0,0,0,1,0,20251212,20270317
117-DUT,1,1,1,1,1,0,0,20251212,20270317
117-DOM,0,0,0,0,0,0,1,20251212,20270317
118-DOM,0,0,0,0,0,0,1,20260207,20270317
118-SAB,0,0,0,0,0,1,0,20260207,20270317
118-DUT,1,1,1,1,1,0,0,20260207,20270317
120-DOM,0,0,0,0,0,0,1,20250804,20270317
120-DUT,1,1,1,1,1,0,0,20250711,20270317
120-SAB,0,0,0,0,0,1,0,20250804,20270317
121-DOM,0,0,0,0,0,0,1,20251212,20270317
121-DUT,1,1,1,1,1,0,0,20251212,20270317
121-SAB,0,0,0,0,0,1,0,20251212,20270317
122-DUT,1,1,1,1,1,0,0,20250711,20270317
124-SAB,0,0,0,0,0,1,0,20251104,20270317
124-DUT,1,1,1,1,1,0,0,20251104,20270317
125-SAB,0,0,0,0,0,1,0,20260221,20270317
125-DUT,1,1,1,1,1,0,0,20251028,20270317
125-DOM,0,0,0,0,0,0,1,20260221,20270317
126-SAB,0,0,0,0,0,1,0,20250804,20270317
126-DUT,1,1,1,1,1,0,0,20260303,20270317
126-DOM,0,0,0,0,0,0,1,20250804,20270317
128-DUT,1,1,1,1,1,0,0,20250925,20270317
128-SAB,0,0,0,0,0,1,0,20251025,20270317
128-DOM,0,0,0,0,0,0,1,20230702,20270317
129-SAB,0,0,0,0,0,1,0,20260221,20270317
129-DOM,0,0,0,0,0,0,1,20260222,20270317
129-DUT,1,1,1,1,1,0,0,20260202,20270317
131-SAB,0,0,0,0,0,1,0,20251212,20270317
131-DUT,1,1,1,1,1,0,0,20251212,20270317
131-DOM,0,0,0,0,0,0,1,20260201,20270317
132-SAB,0,0,0,0,0,1,0,20260314,20270317
132-DUT,1,1,1,1,1,0,0,20260303,20270317
132-DOM,0,0,0,0,0,0,1,20260306,20270317
134-SAB,0,0,0,0,0,1,0,20241228,20270317
134-DOM,0,0,0,0,0,0,1,20250921,20270317
134-DUT,1,1,1,1,1,0,0,20241228,20270317
135-DUT,1,1,1,1,1,0,0,20251015,20270317
135-SAB,0,0,0,0,0,1,0,20251129,20270317
135-DOM,0,0,0,0,0,0,1,20241020,20270317
136-DUT,1,1,1,1,1,0,0,20250925,20270317
136-DOM,0,0,0,0,0,0,1,20250804,20270317
136-SAB,0,0,0,0,0,1,0,20250804,20270317
138-DUT,1,1,1,1,1,0,0,20260303,20270317
138-DOM,0,0,0,0,0,0,1,20251123,20270317
138-SAB,0,0,0,0,0,1,0,20250816,20270317
139-DOM,0,0,0,0,0,0,1,20240901,20270317
139-SAB,0,0,0,0,0,1,0,20251108,20270317
139-DUT,1,1,1,1,1,0,0,20250901,20270317
140-SAB,0,0,0,0,0,1,0,20230515,20270317
140-DUT,1,1,1,1,1,0,0,20250201,20270317
140-DOM,0,0,0,0,0,0,1,20230515,20270317
141-DUT,1,1,1,1,1,0,0,20260303,20270317
141-DOM,0,0,0,0,0,0,1,20241020,20270317
141-SAB,0,0,0,0,0,1,0,20260314,20270317
142-SAB,0,0,0,0,0,1,0,20250804,20270317
142-DOM,0,0,0,0,0,0,1,20251123,20270317
142-DUT,1,1,1,1,1,0,0,20260316,20270317
143-DUT,1,1,1,1,1,0,0,20260311,20270317
143-SAB,0,0,0,0,0,1,0,20251025,20270317
143-DOM,0,0,0,0,0,0,1,20250804,20270317
144-DUT,1,1,1,1,1,0,0,20251209,20270317
144-SAB,0,0,0,0,0,1,0,20251208,20270317
145-DOM,0,0,0,0,0,0,1,20240502,20270317
145-SAB,0,0,0,0,0,1,0,20240501,20270317
145-DUT,1,1,1,1,1,0,0,20240501,20270317
146-SAB,0,0,0,0,0,1,0,20240817,20270317
146-DUT,1,1,1,1,1,0,0,20240817,20270317
146-DOM,0,0,0,0,0,0,1,20240817,20270317
149-DUT,1,1,1,1,1,0,0,20250915,20270317
149-DOM,0,0,0,0,0,0,1,20250915,20270317
149-SAB,0,0,0,0,0,1,0,20250915,20270317
151-DOM,0,0,0,0,0,0,1,20240811,20270317
151-DUT,1,1,1,1,1,0,0,20250113,20270317
151-SAB,0,0,0,0,0,1,0,20240810,20270317
152-DOM,0,0,0,0,0,0,1,20240803,20270317
152-DUT,1,1,1,1,1,0,0,20240923,20270317
152-SAB,0,0,0,0,0,1,0,20240803,20270317
153-SAB,0,0,0,0,0,1,0,20250913,20270317
153-DUT,1,1,1,1,1,0,0,20240803,20270317
153-DOM,0,0,0,0,0,0,1,20240803,20270317
154-SAB,0,0,0,0,0,1,0,20251212,20270317
154-DUT,1,1,1,1,1,0,0,20251212,20270317
154-DOM,0,0,0,0,0,0,1,20251212,20270317
155-SAB,0,0,0,0,0,1,0,20240803,20270317
155-DUT,1,1,1,1,1,0,0,20250630,20270317
155-DOM,0,0,0,0,0,0,1,20240803,20270317
157-DOM,0,0,0,0,0,0,1,20250921,20270317
157-SAB,0,0,0,0,0,1,0,20240303,20270317
157-DUT,1,1,1,1,1,0,0,20260316,20270317
158-DOM,0,0,0,0,0,0,1,20250416,20270317
158-DUT,1,1,1,1,1,0,0,20260202,20270317
158-SAB,0,0,0,0,0,1,0,20250416,20270317
159-SAB,0,0,0,0,0,1,0,20260207,20270317
159-DUT,1,1,1,1,1,0,0,20260216,20270317
159-DOM,0,0,0,0,0,0,1,20260208,20270317
160-DOM,0,0,0,0,0,0,1,20260208,20270317
160-SAB,0,0,0,0,0,1,0,20260228,20270317
160-DUT,1,1,1,1,1,0,0,20260302,20270317
162-DOM,0,0,0,0,0,0,1,20250823,20270317
162-SAB,0,0,0,0,0,1,0,20250823,20270317
162-DUT,1,1,1,1,1,0,0,20240923,20270317
163-SAB,0,0,0,0,0,1,0,20251218,20270317
163-DUT,1,1,1,1,1,0,0,20251218,20270317
163-DOM,0,0,0,0,0,0,1,20251218,20270317
164-DUT,1,1,1,1,1,0,0,20250428,20270317
164-SAB,0,0,0,0,0,1,0,20241207,20270317
164-DOM,0,0,0,0,0,0,1,20260308,20270317
165-DUT,1,1,1,1,1,0,0,20251215,20270317
165-DOM,0,0,0,0,0,0,1,20251214,20270317
165-SAB,0,0,0,0,0,1,0,20251213,20270317
166-SAB,0,0,0,0,0,1,0,20240817,20270317
166-DUT,1,1,1,1,1,0,0,20251021,20270317
166-DOM,0,0,0,0,0,0,1,20241117,20270317
167-DUT,1,1,1,1,1,0,0,20251106,20270317
167-DOM,0,0,0,0,0,0,1,20251105,20270317
167-SAB,0,0,0,0,0,1,0,20251105,20270317
168-DUT,1,1,1,1,1,0,0,20251106,20270317
168-DOM,0,0,0,0,0,0,1,20251105,20270317
168-SAB,0,0,0,0,0,1,0,20251105,20270317
170-SAB,0,0,0,0,0,1,0,20251212,20270317
170-DUT,1,1,1,1,1,0,0,20251212,20270317
170-DOM,0,0,0,0,0,0,1,20251212,20270317
171-DUT,1,1,1,1,1,0,0,20250901,20270317
172-DUT,1,1,1,1,1,0,0,20251212,20270317
172-DOM,0,0,0,0,0,0,1,20251212,20270317
172-SAB,0,0,0,0,0,1,0,20251212,20270317
178-DUT,1,1,1,1,1,0,0,20240516,20270317
178-DOM,0,0,0,0,0,0,1,20240512,20270317
178-SAB,0,0,0,0,0,1,0,20240511,20270317
181-SAB,0,0,0,0,0,1,0,20260207,20270317
181-DUT,1,1,1,1,1,0,0,20260309,20260331
181-DOM,0,0,0,0,0,0,1,20260208,20270317
183-DUT,1,1,1,1,1,0,0,20260309,20260331
183-DOM,0,0,0,0,0,0,1,20220319,20270317
183-SAB,0,0,0,0,0,1,0,20220319,20270317
184-DUT,1,1,1,1,1,0,0,20240701,20270317
184-DOM,0,0,0,0,0,0,1,20240701,20270317
184-SAB,0,0,0,0,0,1,0,20240701,20270317
185-DOM,0,0,0,0,0,0,1,20260110,20270317
185-DUT,1,1,1,1,1,0,0,20260316,20270317
185-SAB,0,0,0,0,0,1,0,20260110,20270317
1902-SAB,0,0,0,0,0,1,0,20241214,20270317
1902-DOM,0,0,0,0,0,0,1,20240701,20270317
1902-DUT,1,1,1,1,1,0,0,20241216,20270317
1903-SAB,0,0,0,0,0,1,0,20250619,20270317
1903-DOM,0,0,0,0,0,0,1,20250619,20270317
1903-DUT,1,1,1,1,1,0,0,20251023,20270317
1904-DOM,0,0,0,0,0,0,1,20250113,20270317
1904-DUT,1,1,1,1,1,0,0,20250811,20270317
1904-SAB,0,0,0,0,0,1,0,20250113,20270317
1905-DUT,1,1,1,1,1,0,0,20251023,20270317
1905-DOM,0,0,0,0,0,0,1,20251023,20270317
1905-SAB,0,0,0,0,0,1,0,20251023,20270317
1906-DOM,0,0,0,0,0,0,1,20240720,20270317
1906-SAB,0,0,0,0,0,1,0,20250823,20270317
1906-DUT,1,1,1,1,1,0,0,20250424,20270317
1907-DUT,1,1,1,1,1,0,0,20251023,20270317
1907-DOM,0,0,0,0,0,0,1,20251023,20270317
1907-SAB,0,0,0,0,0,1,0,20251023,20270317
1908-SAB,0,0,0,0,0,1,0,20240824,20270317
1908-DOM,0,0,0,0,0,0,1,20240818,20270317
1908-DUT,1,1,1,1,1,0,0,20251103,20270317
1909-DUT,1,1,1,1,1,0,0,20251001,20270317
1909-DOM,0,0,0,0,0,0,1,20230115,20270317
1909-SAB,0,0,0,0,0,1,0,20230619,20270317
191-DOM,0,0,0,0,0,0,1,20260129,20270317
191-SAB,0,0,0,0,0,1,0,20260129,20270317
191-DUT,1,1,1,1,1,0,0,20260129,20270317
1911-DOM,0,0,0,0,0,0,1,20250218,20270317
1911-SAB,0,0,0,0,0,1,0,20250218,20270317
1911-DUT,1,1,1,1,1,0,0,20250516,20270317
1912-SAB,0,0,0,0,0,1,0,20250113,20270317
1912-DUT,1,1,1,1,1,0,0,20250520,20270317
1912-DOM,0,0,0,0,0,0,1,20250113,20270317
1913-DUT,1,1,1,1,1,0,0,20250424,20270317
1913-DOM,0,0,0,0,0,0,1,20220702,20270317
1913-SAB,0,0,0,0,0,1,0,20220702,20270317
1917-SAB,0,0,0,0,0,1,0,20250424,20270317
1917-DUT,1,1,1,1,1,0,0,20250424,20270317
1917-DOM,0,0,0,0,0,0,1,20250424,20270317
1918-SAB,0,0,0,0,0,1,0,20251220,20270317
1918-DUT,1,1,1,1,1,0,0,20251220,20270317
1918-DOM,0,0,0,0,0,0,1,20251220,20270317
1921-DOM,0,0,0,0,0,0,1,20250601,20270317
1921-SAB,0,0,0,0,0,1,0,20251220,20270317
1921-DUT,1,1,1,1,1,0,0,20251220,20270317
1922-DOM,0,0,0,0,0,0,1,20240303,20270317
1922-DUT,1,1,1,1,1,0,0,20250804,20270317
1922-SAB,0,0,0,0,0,1,0,20240907,20270317
1923-DUT,1,1,1,1,1,0,0,20250723,20270317
1923-DOM,0,0,0,0,0,0,1,20211116,20270317
1923-SAB,0,0,0,0,0,1,0,20210801,20270317
1926-SAB,0,0,0,0,0,1,0,20250601,20270317
1926-DUT,1,1,1,1,1,0,0,20250601,20270317
1926-DOM,0,0,0,0,0,0,1,20250601,20270317
1927-SAB,0,0,0,0,0,1,0,20260109,20270317
1927-DUT,1,1,1,1,1,0,0,20260109,20270317
1927-DOM,0,0,0,0,0,0,1,20260109,20270317
1928-DUT,1,1,1,1,1,0,0,20260221,20270317
1928-DOM,0,0,0,0,0,0,1,20260221,20270317
1928-SAB,0,0,0,0,0,1,0,20260221,20270317
1929-SAB,0,0,0,0,0,1,0,20250621,20270317
1929-DUT,1,1,1,1,1,0,0,20250621,20270317
1929-DOM,0,0,0,0,0,0,1,20250621,20270317
1931-SAB,0,0,0,0,0,1,0,20250822,20270317
1931-DUT,1,1,1,1,1,0,0,20250822,20270317
1931-DOM,0,0,0,0,0,0,1,20250822,20270317
1932-SAB,0,0,0,0,0,1,0,20240303,20270317
1932-DUT,1,1,1,1,1,0,0,20250516,20270317
1932-DOM,0,0,0,0,0,0,1,20240303,20270317
1933-DOM,0,0,0,0,0,0,1,20200501,20270317
1933-DUT,1,1,1,1,1,0,0,20250621,20270317
1933-SAB,0,0,0,0,0,1,0,20200501,20270317
1934-DUT,1,1,1,1,1,0,0,20250804,20270317
1934-SAB,0,0,0,0,0,1,0,20250218,20270317
1934-DOM,0,0,0,0,0,0,1,20250218,20270317
1935-DUT,1,1,1,1,1,0,0,20250516,20270317
1935-SAB,0,0,0,0,0,1,0,20200501,20270317
1936-DUT,1,1,1,1,1,0,0,20260109,20270317
1936-DOM,0,0,0,0,0,0,1,20260109,20270317
1936-SAB,0,0,0,0,0,1,0,20260109,20270317
1937-DOM,0,0,0,0,0,0,1,20250621,20270317
1937-DUT,1,1,1,1,1,0,0,20250804,20270317
1937-SAB,0,0,0,0,0,1,0,20250621,20270317
1940-SAB,0,0,0,0,0,1,0,20240303,20270317
1940-DUT,1,1,1,1,1,0,0,20250516,20270317
1940-DOM,0,0,0,0,0,0,1,20240303,20270317
1941-DUT,1,1,1,1,1,0,0,20260314,20270317
1941-SAB,0,0,0,0,0,1,0,20240303,20270317
1941-DOM,0,0,0,0,0,0,1,20240303,20270317
1943-DUT,1,1,1,1,1,0,0,20250516,20270317
1943-SAB,0,0,0,0,0,1,0,20250108,20270317
1943-DOM,0,0,0,0,0,0,1,20250108,20270317
1944-DUT,1,1,1,1,1,0,0,20250516,20270317
1944-SAB,0,0,0,0,0,1,0,20241214,20270317
1944-DOM,0,0,0,0,0,0,1,20250601,20270317
1945-DOM,0,0,0,0,0,0,1,20250218,20270317
1945-DUT,1,1,1,1,1,0,0,20251101,20270317
1945-SAB,0,0,0,0,0,1,0,20250218,20270317
1946-SAB,0,0,0,0,0,1,0,20250601,20270317
1946-DUT,1,1,1,1,1,0,0,20260223,20270317
1946-DOM,0,0,0,0,0,0,1,20200501,20270317
1948-SAB,0,0,0,0,0,1,0,20240901,20270317
1948-DUT,1,1,1,1,1,0,0,20241216,20270317
1948-DOM,0,0,0,0,0,0,1,20240901,20270317
1949-DUT,1,1,1,1,1,0,0,20260304,20270317
195-DUT,1,1,1,1,1,0,0,20260129,20270317
195-DOM,0,0,0,0,0,0,1,20260129,20270317
195-SAB,0,0,0,0,0,1,0,20260129,20270317
1950-DUT,1,1,1,1,1,0,0,20230515,20270317
1950-SAB,0,0,0,0,0,1,0,20200808,20270317
1950-DOM,0,0,0,0,0,0,1,20200808,20270317
1952-DUT,1,1,1,1,1,0,0,20251023,20270317
1952-DOM,0,0,0,0,0,0,1,20251023,20270317
1952-SAB,0,0,0,0,0,1,0,20251023,20270317
1953-DOM,0,0,0,0,0,0,1,20250113,20270317
1953-SAB,0,0,0,0,0,1,0,20250113,20270317
1953-DUT,1,1,1,1,1,0,0,20260316,20270317
1955-SAB,0,0,0,0,0,1,0,20260314,20270317
1955-DUT,1,1,1,1,1,0,0,20260314,20270317
1955-DOM,0,0,0,0,0,0,1,20260314,20270317
1956-DOM,0,0,0,0,0,0,1,20260109,20270317
1956-SAB,0,0,0,0,0,1,0,20260109,20270317
1956-DUT,1,1,1,1,1,0,0,20260109,20270317
1957-SAB,0,0,0,0,0,1,0,20260109,20270317
1957-DUT,1,1,1,1,1,0,0,20260109,20270317
1957-DOM,0,0,0,0,0,0,1,20260109,20270317
1958-SAB,0,0,0,0,0,1,0,20260302,20270317
1958-DUT,1,1,1,1,1,0,0,20260302,20270317
1958-DOM,0,0,0,0,0,0,1,20260302,20270317
196-SAB,0,0,0,0,0,1,0,20260131,20270317
196-DUT,1,1,1,1,1,0,0,20260226,20270317
196-DOM,0,0,0,0,0,0,1,20260201,20270317
1960-DOM,0,0,0,0,0,0,1,20200501,20270317
1960-DUT,1,1,1,1,1,0,0,20240303,20270317
1960-SAB,0,0,0,0,0,1,0,20200501,20270317
1963-DOM,0,0,0,0,0,0,1,20240303,20270317
1963-DUT,1,1,1,1,1,0,0,20250804,20270317
1963-SAB,0,0,0,0,0,1,0,20240303,20270317
1964-DUT,1,1,1,1,1,0,0,20251117,20270317
1964-SAB,0,0,0,0,0,1,0,20240303,20270317
1964-DOM,0,0,0,0,0,0,1,20240303,20270317
1966-SAB,0,0,0,0,0,1,0,20251227,20270317
1966-DUT,1,1,1,1,1,0,0,20251227,20270317
1966-DOM,0,0,0,0,0,0,1,20251227,20270317
1967-DOM,0,0,0,0,0,0,1,20250113,20270317
1967-SAB,0,0,0,0,0,1,0,20251122,20270317
1967-DUT,1,1,1,1,1,0,0,20260223,20270317
1968-DOM,0,0,0,0,0,0,1,20250516,20270317
1968-DUT,1,1,1,1,1,0,0,20250324,20270317
1968-SAB,0,0,0,0,0,1,0,20250516,20270317
1969-SAB,0,0,0,0,0,1,0,20200501,20270317
1969-DOM,0,0,0,0,0,0,1,20200501,20270317
1969-DUT,1,1,1,1,1,0,0,20250820,20270317
1971-SAB,0,0,0,0,0,1,0,20251227,20270317
1971-DOM,0,0,0,0,0,0,1,20260222,20270317
1971-DUT,1,1,1,1,1,0,0,20260202,20270317
1973-SAB,0,0,0,0,0,1,0,20260221,20270317
1973-DOM,0,0,0,0,0,0,1,20260221,20270317
1973-DUT,1,1,1,1,1,0,0,20260221,20270317
1974-DOM,0,0,0,0,0,0,1,20250324,20270317
1974-DUT,1,1,1,1,1,0,0,20250424,20270317
1974-SAB,0,0,0,0,0,1,0,20250324,20270317
1975-SAB,0,0,0,0,0,1,0,20260301,20270317
1975-DUT,1,1,1,1,1,0,0,20260301,20270317
1975-DOM,0,0,0,0,0,0,1,20260301,20270317
1977-SAB,0,0,0,0,0,1,0,20250726,20270317
1977-DOM,0,0,0,0,0,0,1,20250601,20270317
1977-DUT,1,1,1,1,1,0,0,20250601,20270317
1978-DUT,1,1,1,1,1,0,0,20251110,20270317
1978-DOM,0,0,0,0,0,0,1,20251110,20270317
1978-SAB,0,0,0,0,0,1,0,20251110,20270317
198-SAB,0,0,0,0,0,1,0,20240803,20270317
198-DUT,1,1,1,1,1,0,0,20251124,20270317
198-DOM,0,0,0,0,0,0,1,20240803,20270317
1980-DOM,0,0,0,0,0,0,1,20250218,20270317
1980-DUT,1,1,1,1,1,0,0,20251023,20270317
1980-SAB,0,0,0,0,0,1,0,20250218,20270317
1981-SAB,0,0,0,0,0,1,0,20251220,20270317
1981-DUT,1,1,1,1,1,0,0,20260112,20270317
1981-DOM,0,0,0,0,0,0,1,20251220,20270317
1982-DUT,1,1,1,1,1,0,0,20260302,20270317
1982-DOM,0,0,0,0,0,0,1,20260302,20270317
1982-SAB,0,0,0,0,0,1,0,20260302,20270317
1983-DUT,1,1,1,1,1,0,0,20251220,20270317
1983-DOM,0,0,0,0,0,0,1,20251220,20270317
1983-SAB,0,0,0,0,0,1,0,20251220,20270317
1984-DUT,1,1,1,1,1,0,0,20250324,20270317
1984-SAB,0,0,0,0,0,1,0,20250324,20270317
1984-DOM,0,0,0,0,0,0,1,20250324,20270317
1985-DUT,1,1,1,1,1,0,0,20260301,20270317
1985-DOM,0,0,0,0,0,0,1,20260301,20270317
1985-SAB,0,0,0,0,0,1,0,20260301,20270317
1986-SAB,0,0,0,0,0,1,0,20251220,20270317
1986-DUT,1,1,1,1,1,0,0,20251220,20270317
1986-DOM,0,0,0,0,0,0,1,20251220,20270317
1987-SAB,0,0,0,0,0,1,0,20260221,20270317
1987-DUT,1,1,1,1,1,0,0,20260221,20270317
1987-DOM,0,0,0,0,0,0,1,20260221,20270317
1988-DUT,1,1,1,1,1,0,0,20240303,20270317
1988-DOM,0,0,0,0,0,0,1,20240303,20270317
1988-SAB,0,0,0,0,0,1,0,20240303,20270317
1989-DOM,0,0,0,0,0,0,1,20250616,20270317
1989-SAB,0,0,0,0,0,1,0,20250616,20270317
1989-DUT,1,1,1,1,1,0,0,20250820,20270317
199-DOM,0,0,0,0,0,0,1,20240701,20270317
199-SAB,0,0,0,0,0,1,0,20240701,20270317
199-DUT,1,1,1,1,1,0,0,20240701,20270317
1992-SAB,0,0,0,0,0,1,0,20251220,20270317
1992-DUT,1,1,1,1,1,0,0,20251220,20270317
1992-DOM,0,0,0,0,0,0,1,20251220,20270317
1993-DOM,0,0,0,0,0,0,1,20260222,20270317
1993-SAB,0,0,0,0,0,1,0,20251023,20270317
1993-DUT,1,1,1,1,1,0,0,20251023,20270317
1994-DUT,1,1,1,1,1,0,0,20250909,20270317
1994-DOM,0,0,0,0,0,0,1,20250909,20270317
1994-SAB,0,0,0,0,0,1,0,20250909,20270317
1995-DUT,1,1,1,1,1,0,0,20260109,20270317
1995-DOM,0,0,0,0,0,0,1,20260109,20270317
1995-SAB,0,0,0,0,0,1,0,20260109,20270317
1996-DUT,1,1,1,1,1,0,0,20251103,20270317
1996-DOM,0,0,0,0,0,0,1,20251023,20270317
1996-SAB,0,0,0,0,0,1,0,20251023,20270317
1998-SAB,0,0,0,0,0,1,0,20240303,20270317
1998-DUT,1,1,1,1,1,0,0,20250516,20270317
1998-DOM,0,0,0,0,0,0,1,20240303,20270317
200-DUT,1,1,1,1,1,0,0,20260302,20270317
200-DOM,0,0,0,0,0,0,1,20251229,20270317
200-SAB,0,0,0,0,0,1,0,20251212,20270317
201-DUT,1,1,1,1,1,0,0,20250915,20270317
201-DOM,0,0,0,0,0,0,1,20230421,20270317
201-SAB,0,0,0,0,0,1,0,20230421,20270317
202-SAB,0,0,0,0,0,1,0,20241126,20270317
202-DUT,1,1,1,1,1,0,0,20251013,20270317
202-DOM,0,0,0,0,0,0,1,20241126,20270317
203-SAB,0,0,0,0,0,1,0,20221008,20270317
203-DUT,1,1,1,1,1,0,0,20251124,20270317
203-DOM,0,0,0,0,0,0,1,20250803,20270317
2040-DOM,0,0,0,0,0,0,1,20250606,20270317
2040-DUT,1,1,1,1,1,0,0,20260301,20270317
2040-SAB,0,0,0,0,0,1,0,20250606,20270317
2043-SAB,0,0,0,0,0,1,0,20251025,20270317
2043-DUT,1,1,1,1,1,0,0,20260316,20270317
2043-DOM,0,0,0,0,0,0,1,20251025,20270317
205-DOM,0,0,0,0,0,0,1,20240901,20270317
205-DUT,1,1,1,1,1,0,0,20240321,20270317
205-SAB,0,0,0,0,0,1,0,20220401,20270317
206-DUT,1,1,1,1,1,0,0,20251021,20270317
206-DOM,0,0,0,0,0,0,1,20240825,20270317
206-SAB,0,0,0,0,0,1,0,20240824,20270317
2060-DOM,0,0,0,0,0,0,1,20241126,20270317
2060-SAB,0,0,0,0,0,1,0,20241126,20270317
2060-DUT,1,1,1,1,1,0,0,20260301,20270317
207-DUT,1,1,1,1,1,0,0,20250514,20270317
207-SAB,0,0,0,0,0,1,0,20250607,20270317
207-DOM,0,0,0,0,0,0,1,20240907,20270317
208-DOM,0,0,0,0,0,0,1,20241124,20270317
208-DUT,1,1,1,1,1,0,0,20250915,20270317
208-SAB,0,0,0,0,0,1,0,20260307,20270317
209-DUT,1,1,1,1,1,0,0,20251124,20270317
209-SAB,0,0,0,0,0,1,0,20240523,20270317
209-DOM,0,0,0,0,0,0,1,20220401,20270317
211-DUT,1,1,1,1,1,0,0,20251212,20270317
211-DOM,0,0,0,0,0,0,1,20251212,20270317
211-SAB,0,0,0,0,0,1,0,20251212,20270317
212-DOM,0,0,0,0,0,0,1,20251212,20270317
212-SAB,0,0,0,0,0,1,0,20251212,20270317
212-DUT,1,1,1,1,1,0,0,20251212,20270317
216-SAB,0,0,0,0,0,1,0,20250412,20270317
216-DOM,0,0,0,0,0,0,1,20250413,20270317
216-DUT,1,1,1,1,1,0,0,20260202,20270317
219-DUT,1,1,1,1,1,0,0,20250901,20270317
219-SAB,0,0,0,0,0,1,0,20230601,20270317
219-DOM,0,0,0,0,0,0,1,20200501,20270317
220-DUT,1,1,1,1,1,0,0,20240516,20270317
220-DOM,0,0,0,0,0,0,1,20210301,20270317
220-SAB,0,0,0,0,0,1,0,20251025,20270317
221-DOM,0,0,0,0,0,0,1,20251212,20270317
221-SAB,0,0,0,0,0,1,0,20251212,20270317
221-DUT,1,1,1,1,1,0,0,20251212,20270317
222-DOM,0,0,0,0,0,0,1,20251212,20270317
222-SAB,0,0,0,0,0,1,0,20251212,20270317
222-DUT,1,1,1,1,1,0,0,20251212,20270317
229-DUT,1,1,1,1,1,0,0,20251212,20270317
229-SAB,0,0,0,0,0,1,0,20251212,20270317
232-SAB,0,0,0,0,0,1,0,20240801,20270317
232-DUT,1,1,1,1,1,0,0,20250331,20270317
232-DOM,0,0,0,0,0,0,1,20240901,20270317
233-DOM,0,0,0,0,0,0,1,20251212,20270317
233-SAB,0,0,0,0,0,1,0,20251212,20270317
233-DUT,1,1,1,1,1,0,0,20251212,20270317
238-DOM,0,0,0,0,0,0,1,20240901,20270317
240-SAB,0,0,0,0,0,1,0,20250426,20270317
240-DOM,0,0,0,0,0,0,1,20250310,20270317
240-DUT,1,1,1,1,1,0,0,20260209,20270317
2402-DUT,1,1,1,1,1,0,0,20260301,20270317
2402-DOM,0,0,0,0,0,0,1,20260125,20270317
2402-SAB,0,0,0,0,0,1,0,20240803,20270317
2410-SAB,0,0,0,0,0,1,0,20250621,20270317
2410-DUT,1,1,1,1,1,0,0,20260301,20270317
2410-DOM,0,0,0,0,0,0,1,20250621,20270317
2416-DOM,0,0,0,0,0,0,1,20250621,20270317
2416-DUT,1,1,1,1,1,0,0,20260301,20270317
2416-SAB,0,0,0,0,0,1,0,20250621,20270317
2417-DOM,0,0,0,0,0,0,1,20250330,20270317
2417-DUT,1,1,1,1,1,0,0,20260301,20270317
2417-SAB,0,0,0,0,0,1,0,20250329,20270317
2419-DOM,0,0,0,0,0,0,1,20260315,20270317
2419-DUT,1,1,1,1,1,0,0,20260301,20270317
2419-SAB,0,0,0,0,0,1,0,20240927,20270317
242-DUT,1,1,1,1,1,0,0,20240801,20270317
2420-DUT,1,1,1,1,1,0,0,20260301,20270317
2420-SAB,0,0,0,0,0,1,0,20210716,20270317
2420-DOM,0,0,0,0,0,0,1,20260315,20270317
2421-DOM,0,0,0,0,0,0,1,20250923,20270317
2421-SAB,0,0,0,0,0,1,0,20250923,20270317
2421-DUT,1,1,1,1,1,0,0,20260301,20270317
2423-SAB,0,0,0,0,0,1,0,20221008,20270317
2423-DOM,0,0,0,0,0,0,1,20221008,20270317
2423-DUT,1,1,1,1,1,0,0,20260301,20270317
2427-DOM,0,0,0,0,0,0,1,20251212,20270317
2427-DUT,1,1,1,1,1,0,0,20260301,20270317
2427-SAB,0,0,0,0,0,1,0,20251212,20270317
2429-SAB,0,0,0,0,0,1,0,20230311,20270317
2429-DUT,1,1,1,1,1,0,0,20260301,20270317
2429-DOM,0,0,0,0,0,0,1,20230311,20270317
243-DOM,0,0,0,0,0,0,1,20251105,20270317
243-SAB,0,0,0,0,0,1,0,20251105,20270317
243-DUT,1,1,1,1,1,0,0,20251106,20260317
2431-DUT,1,1,1,1,1,0,0,20260301,20270317
2431-SAB,0,0,0,0,0,1,0,20241126,20270317
2433-SAB,0,0,0,0,0,1,0,20230304,20270317
2433-DOM,0,0,0,0,0,0,1,20230521,20270317
2433-DUT,1,1,1,1,1,0,0,20260301,20270317
2434-DUT,1,1,1,1,1,0,0,20260301,20270317
2434-SAB,0,0,0,0,0,1,0,20250329,20270317
2434-DOM,0,0,0,0,0,0,1,20250315,20270317
2437-DUT,1,1,1,1,1,0,0,20260301,20270317
2437-DOM,0,0,0,0,0,0,1,20230407,20270317
2437-SAB,0,0,0,0,0,1,0,20230407,20270317
244-SAB,0,0,0,0,0,1,0,20201212,20270317
244-DOM,0,0,0,0,0,0,1,20201213,20270317
244-DUT,1,1,1,1,1,0,0,20231103,20270317
2441-DUT,1,1,1,1,1,0,0,20260301,20270317
2441-SAB,0,0,0,0,0,1,0,20251025,20270317
2441-DOM,0,0,0,0,0,0,1,20251025,20270317
2442-SAB,0,0,0,0,0,1,0,20241216,20270317
2442-DUT,1,1,1,1,1,0,0,20260301,20270317
2442-DOM,0,0,0,0,0,0,1,20241216,20270317
2444-DUT,1,1,1,1,1,0,0,20260301,20270317
2444-DOM,0,0,0,0,0,0,1,20260104,20270317
2444-SAB,0,0,0,0,0,1,0,20240219,20270317
2445-DUT,1,1,1,1,1,0,0,20260301,20270317
2445-SAB,0,0,0,0,0,1,0,20221112,20270317
2445-DOM,0,0,0,0,0,0,1,20240804,20270317
2446-DOM,0,0,0,0,0,0,1,20241126,20270317
2446-DUT,1,1,1,1,1,0,0,20260301,20270317
2446-SAB,0,0,0,0,0,1,0,20250913,20270317
2448-SAB,0,0,0,0,0,1,0,20200501,20270317
2448-DUT,1,1,1,1,1,0,0,20260301,20270317
2448-DOM,0,0,0,0,0,0,1,20200501,20270317
245-SAB,0,0,0,0,0,1,0,20221112,20270317
245-DUT,1,1,1,1,1,0,0,20231101,20270317
245-DOM,0,0,0,0,0,0,1,20201213,20270317
2450-DUT,1,1,1,1,1,0,0,20260301,20270317
2450-DOM,0,0,0,0,0,0,1,20250601,20270317
2450-SAB,0,0,0,0,0,1,0,20250118,20270317
2456-SAB,0,0,0,0,0,1,0,20250926,20270317
2456-DUT,1,1,1,1,1,0,0,20260301,20270317
2456-DOM,0,0,0,0,0,0,1,20250926,20270317
2457-SAB,0,0,0,0,0,1,0,20260221,20270317
2457-DUT,1,1,1,1,1,0,0,20260301,20270317
2457-DOM,0,0,0,0,0,0,1,20260221,20270317
2459-DUT,1,1,1,1,1,0,0,20260301,20270317
2459-SAB,0,0,0,0,0,1,0,20251006,20270317
2459-DOM,0,0,0,0,0,0,1,20251006,20270317
2462-DOM,0,0,0,0,0,0,1,20251212,20270317
2462-SAB,0,0,0,0,0,1,0,20251212,20270317
2462-DUT,1,1,1,1,1,0,0,20260301,20270317
2463-DUT,1,1,1,1,1,0,0,20260301,20270317
2463-DOM,0,0,0,0,0,0,1,20240303,20270317
2463-SAB,0,0,0,0,0,1,0,20240303,20270317
2464-DUT,1,1,1,1,1,0,0,20260301,20270317
2464-SAB,0,0,0,0,0,1,0,20221112,20270317
2464-DOM,0,0,0,0,0,0,1,20221112,20270317
2466-SAB,0,0,0,0,0,1,0,20240615,20270317
2466-DUT,1,1,1,1,1,0,0,20260301,20270317
2466-DOM,0,0,0,0,0,0,1,20240615,20270317
2467-DUT,1,1,1,1,1,0,0,20260301,20270317
2467-SAB,0,0,0,0,0,1,0,20240615,20270317
2467-DOM,0,0,0,0,0,0,1,20240615,20270317
2470-DOM,0,0,0,0,0,0,1,20260224,20270317
2470-DUT,1,1,1,1,1,0,0,20260301,20270317
2470-SAB,0,0,0,0,0,1,0,20260224,20270317
2473-SAB,0,0,0,0,0,1,0,20250208,20270317
2473-DUT,1,1,1,1,1,0,0,20260301,20270317
2473-DOM,0,0,0,0,0,0,1,20250208,20270317
2475-DUT,1,1,1,1,1,0,0,20260301,20270317
2475-SAB,0,0,0,0,0,1,0,20251011,20270317
2475-DOM,0,0,0,0,0,0,1,20250920,20270317
2476-SAB,0,0,0,0,0,1,0,20200501,20270317
2476-DUT,1,1,1,1,1,0,0,20260301,20270317
2476-DOM,0,0,0,0,0,0,1,20200501,20270317
2477-DOM,0,0,0,0,0,0,1,20250517,20270317
2477-DUT,1,1,1,1,1,0,0,20260301,20270317
2477-SAB,0,0,0,0,0,1,0,20250517,20270317
2478-DUT,1,1,1,1,1,0,0,20260301,20270317
2478-SAB,0,0,0,0,0,1,0,20250816,20270317
2478-DOM,0,0,0,0,0,0,1,20240615,20270317
2480-DUT,1,1,1,1,1,0,0,20260301,20270317
2481-DOM,0,0,0,0,0,0,1,20240901,20270317
2483-DOM,0,0,0,0,0,0,1,20241103,20270317
2483-SAB,0,0,0,0,0,1,0,20201121,20270317
2483-DUT,1,1,1,1,1,0,0,20260301,20270317
2486-DOM,0,0,0,0,0,0,1,20241020,20270317
2486-DUT,1,1,1,1,1,0,0,20260301,20270317
2486-SAB,0,0,0,0,0,1,0,20230616,20270317
2487-DOM,0,0,0,0,0,0,1,20250928,20270317
2487-DUT,1,1,1,1,1,0,0,20260301,20270317
2487-SAB,0,0,0,0,0,1,0,20201121,20270317
2488-SAB,0,0,0,0,0,1,0,20240224,20270317
2488-DUT,1,1,1,1,1,0,0,20260301,20270317
2488-DOM,0,0,0,0,0,0,1,20221112,20270317
2490-DUT,1,1,1,1,1,0,0,20260301,20270317
2490-SAB,0,0,0,0,0,1,0,20250712,20270317
2490-DOM,0,0,0,0,0,0,1,20260301,20270317
2491-DOM,0,0,0,0,0,0,1,20260301,20270317
2491-SAB,0,0,0,0,0,1,0,20250913,20270317
2491-DUT,1,1,1,1,1,0,0,20260301,20270317
2492-SAB,0,0,0,0,0,1,0,20240921,20270317
2492-DUT,1,1,1,1,1,0,0,20260301,20270317
2492-DOM,0,0,0,0,0,0,1,20260125,20270317
2493-DUT,1,1,1,1,1,0,0,20260302,20270317
2493-DOM,0,0,0,0,0,0,1,20260301,20270317
2493-SAB,0,0,0,0,0,1,0,20251113,20270317
250-SAB,0,0,0,0,0,1,0,20250609,20270317
250-DOM,0,0,0,0,0,0,1,20220401,20270317
250-DUT,1,1,1,1,1,0,0,20250915,20270317
2501-SAB,0,0,0,0,0,1,0,20250925,20270317
2501-DUT,1,1,1,1,1,0,0,20260301,20270317
2502-SAB,0,0,0,0,0,1,0,20250405,20270317
2502-DUT,1,1,1,1,1,0,0,20260301,20270317
2502-DOM,0,0,0,0,0,0,1,20250405,20270317
2503-SAB,0,0,0,0,0,1,0,20250405,20270317
2503-DOM,0,0,0,0,0,0,1,20250405,20270317
2503-DUT,1,1,1,1,1,0,0,20260301,20270317
2504-DOM,0,0,0,0,0,0,1,20250130,20270317
2504-SAB,0,0,0,0,0,1,0,20250130,20270317
2504-DUT,1,1,1,1,1,0,0,20260301,20270317
2505-DUT,1,1,1,1,1,0,0,20260301,20270317
2505-SAB,0,0,0,0,0,1,0,20250111,20270317
2505-DOM,0,0,0,0,0,0,1,20250111,20270317
251-DOM,0,0,0,0,0,0,1,20220401,20270317
251-DUT,1,1,1,1,1,0,0,20260114,20270317
251-SAB,0,0,0,0,0,1,0,20221203,20270317
252-SAB,0,0,0,0,0,1,0,20220601,20270317
252-DOM,0,0,0,0,0,0,1,20250706,20270317
252-DUT,1,1,1,1,1,0,0,20230816,20270317
254-SAB,0,0,0,0,0,1,0,20240801,20270317
254-DUT,1,1,1,1,1,0,0,20240801,20270317
254-DOM,0,0,0,0,0,0,1,20240801,20270317
255-SAB,0,0,0,0,0,1,0,20220709,20270317
255-DUT,1,1,1,1,1,0,0,20230701,20270317
255-DOM,0,0,0,0,0,0,1,20210815,20270317
256-DUT,1,1,1,1,1,0,0,20230919,20270317
256-DOM,0,0,0,0,0,0,1,20210912,20270317
256-SAB,0,0,0,0,0,1,0,20230805,20270317
258-SAB,0,0,0,0,0,1,0,20251212,20270317
258-DUT,1,1,1,1,1,0,0,20251212,20270317
258-DOM,0,0,0,0,0,0,1,20251212,20270317
261-SAB,0,0,0,0,0,1,0,20240920,20270317
261-DUT,1,1,1,1,1,0,0,20240920,20270317
261-DOM,0,0,0,0,0,0,1,20240920,20270317
262-DOM,0,0,0,0,0,0,1,20240922,20270317
262-SAB,0,0,0,0,0,1,0,20240921,20270317
262-DUT,1,1,1,1,1,0,0,20250707,20270317
272-DOM,0,0,0,0,0,0,1,20250316,20270317
272-DUT,1,1,1,1,1,0,0,20251124,20270317
272-SAB,0,0,0,0,0,1,0,20250316,20270317
274-DUT,1,1,1,1,1,0,0,20250823,20270317
274-DOM,0,0,0,0,0,0,1,20250823,20270317
274-SAB,0,0,0,0,0,1,0,20250823,20270317
290-DOM,0,0,0,0,0,0,1,20240303,20270317
290-DUT,1,1,1,1,1,0,0,20251022,20270317
290-SAB,0,0,0,0,0,1,0,20250628,20270317
291-DOM,0,0,0,0,0,0,1,20250415,20270317
291-SAB,0,0,0,0,0,1,0,20250415,20270317
291-DUT,1,1,1,1,1,0,0,20260316,20270317
2920-SAB,0,0,0,0,0,1,0,20251025,20270317
2920-DOM,0,0,0,0,0,0,1,20251025,20270317
2920-DUT,1,1,1,1,1,0,0,20260301,20270317
2930-DUT,1,1,1,1,1,0,0,20260301,20270317
2930-DOM,0,0,0,0,0,0,1,20250503,20270317
2930-SAB,0,0,0,0,0,1,0,20250503,20270317
302-DOM,0,0,0,0,0,0,1,20250310,20270317
302-DUT,1,1,1,1,1,0,0,20251218,20270317
302-SAB,0,0,0,0,0,1,0,20250412,20270317
303-DUT,1,1,1,1,1,0,0,20260302,20270317
303-DOM,0,0,0,0,0,0,1,20260308,20270317
303-SAB,0,0,0,0,0,1,0,20260307,20270317
311-SAB,0,0,0,0,0,1,0,20231028,20270317
311-DOM,0,0,0,0,0,0,1,20210404,20270317
311-DUT,1,1,1,1,1,0,0,20250422,20270317
312-SAB,0,0,0,0,0,1,0,20210918,20270317
312-DOM,0,0,0,0,0,0,1,20220717,20270317
312-DUT,1,1,1,1,1,0,0,20250915,20270317
313-DUT,1,1,1,1,1,0,0,20251009,20270317
313-DOM,0,0,0,0,0,0,1,20230701,20270317
313-SAB,0,0,0,0,0,1,0,20221008,20270317
314-SAB,0,0,0,0,0,1,0,20210816,20270317
314-DUT,1,1,1,1,1,0,0,20250707,20270317
315-DOM,0,0,0,0,0,0,1,20220612,20270317
315-SAB,0,0,0,0,0,1,0,20231028,20270317
315-DUT,1,1,1,1,1,0,0,20240807,20270317
320-DOM,0,0,0,0,0,0,1,20251004,20260321
320-SAB,0,0,0,0,0,1,0,20250929,20270317
320-DUT,1,1,1,1,1,0,0,20251004,20270317
321-DOM,0,0,0,0,0,0,1,20250427,20270317
321-DUT,1,1,1,1,1,0,0,20240807,20270317
321-SAB,0,0,0,0,0,1,0,20240224,20270317
322-DUT,1,1,1,1,1,0,0,20240801,20270317
322-DOM,0,0,0,0,0,0,1,20240801,20270317
322-SAB,0,0,0,0,0,1,0,20240801,20270317
324-DUT,1,1,1,1,1,0,0,20250929,20270317
324-DOM,0,0,0,0,0,0,1,20230813,20270317
324-SAB,0,0,0,0,0,1,0,20230301,20270317
330-DUT,1,1,1,1,1,0,0,20230901,20270317
331-SAB,0,0,0,0,0,1,0,20250322,20270317
331-DOM,0,0,0,0,0,0,1,20250322,20270317
331-DUT,1,1,1,1,1,0,0,20251215,20270317
332-DOM,0,0,0,0,0,0,1,20210401,20270317
332-DUT,1,1,1,1,1,0,0,20250428,20270317
332-SAB,0,0,0,0,0,1,0,20250322,20270317
333-SAB,0,0,0,0,0,1,0,20251212,20270317
333-DUT,1,1,1,1,1,0,0,20251212,20270317
333-DOM,0,0,0,0,0,0,1,20251212,20270317
341-SAB,0,0,0,0,0,1,0,20230601,20270317
341-DOM,0,0,0,0,0,0,1,20230601,20270317
341-DUT,1,1,1,1,1,0,0,20250203,20270317
342-SAB,0,0,0,0,0,1,0,20250628,20270317
342-DUT,1,1,1,1,1,0,0,20260202,20270317
346-SAB,0,0,0,0,0,1,0,20230421,20270317
346-DUT,1,1,1,1,1,0,0,20250922,20270317
346-DOM,0,0,0,0,0,0,1,20240901,20270317
347-DUT,1,1,1,1,1,0,0,20260119,20270317
347-SAB,0,0,0,0,0,1,0,20230506,20270317
348-DUT,1,1,1,1,1,0,0,20250512,20270317
348-DOM,0,0,0,0,0,0,1,20230421,20270317
348-SAB,0,0,0,0,0,1,0,20230421,20270317
351-DUT,1,1,1,1,1,0,0,20250929,20270317
351-DOM,0,0,0,0,0,0,1,20231029,20270317
351-SAB,0,0,0,0,0,1,0,20230421,20270317
352-DUT,1,1,1,1,1,0,0,20251212,20270317
352-DOM,0,0,0,0,0,0,1,20251212,20270317
352-SAB,0,0,0,0,0,1,0,20251212,20270317
360-SAB,0,0,0,0,0,1,0,20250628,20270317
360-DUT,1,1,1,1,1,0,0,20250922,20270317
360-DOM,0,0,0,0,0,0,1,20240317,20270317
361-DOM,0,0,0,0,0,0,1,20230421,20270317
361-DUT,1,1,1,1,1,0,0,20250624,20270317
361-SAB,0,0,0,0,0,1,0,20230421,20270317
362-DOM,0,0,0,0,0,0,1,20251212,20270317
362-SAB,0,0,0,0,0,1,0,20251212,20270317
362-DUT,1,1,1,1,1,0,0,20251212,20270317
363-SAB,0,0,0,0,0,1,0,20230225,20270317
363-DOM,0,0,0,0,0,0,1,20201206,20270317
363-DUT,1,1,1,1,1,0,0,20260316,20270317
370-DOM,0,0,0,0,0,0,1,20230601,20270317
370-DUT,1,1,1,1,1,0,0,20250901,20270317
370-SAB,0,0,0,0,0,1,0,20230601,20270317
411-SAB,0,0,0,0,0,1,0,20251117,20270317
411-DUT,1,1,1,1,1,0,0,20251201,20270317
412-DUT,1,1,1,1,1,0,0,20240807,20270317
412-DOM,0,0,0,0,0,0,1,20240901,20270317
412-SAB,0,0,0,0,0,1,0,20240504,20270317
4123-DUT,1,1,1,1,1,0,0,20260311,20270317
4123-SAB,0,0,0,0,0,1,0,20260314,20270317
4123-DOM,0,0,0,0,0,0,1,20241020,20270317
4133-SAB,0,0,0,0,0,1,0,20260314,20270317
4133-DOM,0,0,0,0,0,0,1,20241020,20270317
4133-DUT,1,1,1,1,1,0,0,20260311,20270317
4137-DUT,1,1,1,1,1,0,0,20241002,20270317
4137-DOM,0,0,0,0,0,0,1,20240817,20270317
4137-SAB,0,0,0,0,0,1,0,20240831,20270317
414-DUT,1,1,1,1,1,0,0,20250215,20270317
414-DOM,0,0,0,0,0,0,1,20250215,20270317
414-SAB,0,0,0,0,0,1,0,20260207,20270317
418-SAB,0,0,0,0,0,1,0,20241201,20270317
418-DOM,0,0,0,0,0,0,1,20241201,20270317
418-DUT,1,1,1,1,1,0,0,20241201,20270317
424-DUT,1,1,1,1,1,0,0,20251126,20270317
440-SAB,0,0,0,0,0,1,0,20211204,20270317
440-DOM,0,0,0,0,0,0,1,20230506,20270317
440-DUT,1,1,1,1,1,0,0,20230807,20270317
510-DUT,1,1,1,1,1,0,0,20250524,20270317
510-DOM,0,0,0,0,0,0,1,20250524,20270317
510-SAB,0,0,0,0,0,1,0,20250524,20270317
511-SAB,0,0,0,0,0,1,0,20250816,20270317
511-DUT,1,1,1,1,1,0,0,20260209,20270317
511-DOM,0,0,0,0,0,0,1,20250816,20270317
513-DOM,0,0,0,0,0,0,1,20250524,20270317
513-DUT,1,1,1,1,1,0,0,20250602,20270317
513-SAB,0,0,0,0,0,1,0,20250524,20270317
514-DUT,1,1,1,1,1,0,0,20250524,20270317
515-SAB,0,0,0,0,0,1,0,20251212,20270317
515-DUT,1,1,1,1,1,0,0,20251212,20270317
515-DOM,0,0,0,0,0,0,1,20251212,20270317
516-SAB,0,0,0,0,0,1,0,20260202,20270317
516-DUT,1,1,1,1,1,0,0,20251204,20270317
516-DOM,0,0,0,0,0,0,1,20250215,20270317
517-DUT,1,1,1,1,1,0,0,20251011,20270317
517-DOM,0,0,0,0,0,0,1,20251011,20270317
517-SAB,0,0,0,0,0,1,0,20251011,20270317
520-DOM,0,0,0,0,0,0,1,20230319,20270317
520-DUT,1,1,1,1,1,0,0,20260216,20270317
520-SAB,0,0,0,0,0,1,0,20230318,20270317
521-SAB,0,0,0,0,0,1,0,20260207,20270317
521-DUT,1,1,1,1,1,0,0,20251204,20270317
521-DOM,0,0,0,0,0,0,1,20250413,20270317
522-DUT,1,1,1,1,1,0,0,20250206,20270317
522-DOM,0,0,0,0,0,0,1,20250406,20270317
522-SAB,0,0,0,0,0,1,0,20250206,20270317
523-DOM,0,0,0,0,0,0,1,20251212,20270317
523-SAB,0,0,0,0,0,1,0,20251212,20270317
523-DUT,1,1,1,1,1,0,0,20251212,20270317
524-DOM,0,0,0,0,0,0,1,20251212,20270317
524-SAB,0,0,0,0,0,1,0,20251212,20270317
524-DUT,1,1,1,1,1,0,0,20260202,20270317
532-DOM,0,0,0,0,0,0,1,20251212,20270317
532-DUT,1,1,1,1,1,0,0,20260223,20270317
532-SAB,0,0,0,0,0,1,0,20251212,20270317
533-DUT,1,1,1,1,1,0,0,20251212,20270317
533-DOM,0,0,0,0,0,0,1,20251212,20270317
533-SAB,0,0,0,0,0,1,0,20251212,20270317
601-DOM,0,0,0,0,0,0,1,20250801,20270317
601-DUT,1,1,1,1,1,0,0,20250801,20270317
601-SAB,0,0,0,0,0,1,0,20250801,20270317
604-DUT,1,1,1,1,1,0,0,20241201,20270317
604-DOM,0,0,0,0,0,0,1,20230301,20270317
604-SAB,0,0,0,0,0,1,0,20230301,20270317
611-DUT,1,1,1,1,1,0,0,20251212,20270317
611-DOM,0,0,0,0,0,0,1,20251212,20270317
611-SAB,0,0,0,0,0,1,0,20251212,20270317
612-DUT,1,1,1,1,1,0,0,20251212,20270317
612-SAB,0,0,0,0,0,1,0,20251212,20270317
612-DOM,0,0,0,0,0,0,1,20251212,20270317
613-DUT,1,1,1,1,1,0,0,20251212,20270317
613-DOM,0,0,0,0,0,0,1,20251212,20270317
613-SAB,0,0,0,0,0,1,0,20251212,20270317
621-DOM,0,0,0,0,0,0,1,20260201,20270317
621-SAB,0,0,0,0,0,1,0,20260202,20270317
621-DUT,1,1,1,1,1,0,0,20251212,20270317
622-SAB,0,0,0,0,0,1,0,20260228,20270317
622-DOM,0,0,0,0,0,0,1,20251212,20270317
622-DUT,1,1,1,1,1,0,0,20251212,20270317
623-SAB,0,0,0,0,0,1,0,20260228,20270317
623-DUT,1,1,1,1,1,0,0,20260228,20270317
623-DOM,0,0,0,0,0,0,1,20251212,20270317
624-SAB,0,0,0,0,0,1,0,20251212,20270317
624-DUT,1,1,1,1,1,0,0,20251212,20270317
624-DOM,0,0,0,0,0,0,1,20251212,20270317
626-DUT,1,1,1,1,1,0,0,20251212,20270317
626-DOM,0,0,0,0,0,0,1,20251212,20270317
626-SAB,0,0,0,0,0,1,0,20251212,20270317
630-DOM,0,0,0,0,0,0,1,20250524,20270317
630-DUT,1,1,1,1,1,0,0,20251205,20270317
630-SAB,0,0,0,0,0,1,0,20250524,20270317
631-DOM,0,0,0,0,0,0,1,20251212,20270317
631-DUT,1,1,1,1,1,0,0,20251212,20270317
631-SAB,0,0,0,0,0,1,0,20260207,20270317
632-DUT,1,1,1,1,1,0,0,20251212,20270317
640-DOM,0,0,0,0,0,0,1,20230205,20270317
640-SAB,0,0,0,0,0,1,0,20260228,20270317
640-DUT,1,1,1,1,1,0,0,20260228,20270317
641-DUT,1,1,1,1,1,0,0,20240801,20270317
642-DOM,0,0,0,0,0,0,1,20251212,20270317
642-DUT,1,1,1,1,1,0,0,20260228,20270317
642-SAB,0,0,0,0,0,1,0,20260228,20270317
643-DOM,0,0,0,0,0,0,1,20251212,20270317
643-SAB,0,0,0,0,0,1,0,20251212,20270317
643-DUT,1,1,1,1,1,0,0,20251212,20270317
644-DUT,1,1,1,1,1,0,0,20251212,20270317
644-SAB,0,0,0,0,0,1,0,20260228,20270317
645-DOM,0,0,0,0,0,0,1,20250215,20270317
645-SAB,0,0,0,0,0,1,0,20250215,20270317
645-DUT,1,1,1,1,1,0,0,20260202,20270317
680-DOM,0,0,0,0,0,0,1,20260206,20270317
680-SAB,0,0,0,0,0,1,0,20260206,20270317
680-DUT,1,1,1,1,1,0,0,20260206,20270317
700-DUT,1,1,1,1,1,0,0,20250422,20270317
700-DOM,0,0,0,0,0,0,1,20220103,20270317
700-SAB,0,0,0,0,0,1,0,20220103,20270317
710-DUT,1,1,1,1,1,0,0,20250804,20270317
710-DOM,0,0,0,0,0,0,1,20250601,20270317
710-SAB,0,0,0,0,0,1,0,20250601,20270317
711-DOM,0,0,0,0,0,0,1,20240812,20270317
711-DUT,1,1,1,1,1,0,0,20260224,20270317
711-SAB,0,0,0,0,0,1,0,20251101,20270317
712-DUT,1,1,1,1,1,0,0,20260224,20270317
712-SAB,0,0,0,0,0,1,0,20250510,20270317
712-DOM,0,0,0,0,0,0,1,20251130,20270317
713-DOM,0,0,0,0,0,0,1,20250511,20270317
713-SAB,0,0,0,0,0,1,0,20240812,20270317
713-DUT,1,1,1,1,1,0,0,20250821,20270317
714-SAB,0,0,0,0,0,1,0,20260110,20270317
714-DOM,0,0,0,0,0,0,1,20200802,20270317
714-DUT,1,1,1,1,1,0,0,20251008,20270317
715-DUT,1,1,1,1,1,0,0,20260224,20270317
715-DOM,0,0,0,0,0,0,1,20251212,20270317
715-SAB,0,0,0,0,0,1,0,20251212,20270317
717-DUT,1,1,1,1,1,0,0,20251212,20270317
718-DOM,0,0,0,0,0,0,1,20230122,20270317
718-SAB,0,0,0,0,0,1,0,20210619,20270317
718-DUT,1,1,1,1,1,0,0,20260209,20270317
721-SAB,0,0,0,0,0,1,0,20210605,20270317
721-DUT,1,1,1,1,1,0,0,20210712,20270317
721-DOM,0,0,0,0,0,0,1,20210606,20270317
722-DUT,1,1,1,1,1,0,0,20241007,20270317
722-SAB,0,0,0,0,0,1,0,20250510,20270317
722-DOM,0,0,0,0,0,0,1,20240718,20270317
723-DOM,0,0,0,0,0,0,1,20240921,20270317
723-DUT,1,1,1,1,1,0,0,20260202,20270317
723-SAB,0,0,0,0,0,1,0,20250425,20270317
724-SAB,0,0,0,0,0,1,0,20241109,20270317
724-DOM,0,0,0,0,0,0,1,20240718,20270317
724-DUT,1,1,1,1,1,0,0,20250605,20270317
741-DOM,0,0,0,0,0,0,1,20250918,20270317
741-SAB,0,0,0,0,0,1,0,20250918,20270317
741-DUT,1,1,1,1,1,0,0,20250918,20270317
742-DUT,1,1,1,1,1,0,0,20251212,20270317
742-DOM,0,0,0,0,0,0,1,20121212,20270317
742-SAB,0,0,0,0,0,1,0,20251212,20270317
743-DUT,1,1,1,1,1,0,0,20250605,20270317
743-DOM,0,0,0,0,0,0,1,20231029,20270317
743-SAB,0,0,0,0,0,1,0,20260110,20270317
744-SAB,0,0,0,0,0,1,0,20251212,20270317
744-DUT,1,1,1,1,1,0,0,20251212,20270317
744-DOM,0,0,0,0,0,0,1,20251212,20270317
745-DUT,1,1,1,1,1,0,0,20251212,20270317
745-DOM,0,0,0,0,0,0,1,20251212,20270317
745-SAB,0,0,0,0,0,1,0,20251212,20270317
746-DOM,0,0,0,0,0,0,1,20260308,20270317
746-DUT,1,1,1,1,1,0,0,20250804,20270317
746-SAB,0,0,0,0,0,1,0,20250719,20270317
760-DOM,0,0,0,0,0,0,1,20250918,20270317
760-DUT,1,1,1,1,1,0,0,20251006,20270317
760-SAB,0,0,0,0,0,1,0,20250918,20270317
780-SAB,0,0,0,0,0,1,0,20251101,20270317
780-DOM,0,0,0,0,0,0,1,20231029,20270317
780-DUT,1,1,1,1,1,0,0,20260224,20270317
800-SAB,0,0,0,0,0,1,0,20250918,20270317
800-DUT,1,1,1,1,1,0,0,20250918,20270317
800-DOM,0,0,0,0,0,0,1,20250918,20270317
810-SAB,0,0,0,0,0,1,0,20221207,20270317
810-DUT,1,1,1,1,1,0,0,20250610,20270317
820-DOM,0,0,0,0,0,0,1,20220619,20270317
820-DUT,1,1,1,1,1,0,0,20251023,20270317
820-SAB,0,0,0,0,0,1,0,20221022,20270317
821-SAB,0,0,0,0,0,1,0,20210301,20270317
821-DUT,1,1,1,1,1,0,0,20221013,20270317
822-DOM,0,0,0,0,0,0,1,20221127,20270317
822-SAB,0,0,0,0,0,1,0,20210213,20270317
822-DUT,1,1,1,1,1,0,0,20260225,20270317
823-SAB,0,0,0,0,0,1,0,20250929,20270317
823-DUT,1,1,1,1,1,0,0,20250929,20270317
823-DOM,0,0,0,0,0,0,1,20250929,20270317
824-DUT,1,1,1,1,1,0,0,20250201,20270317
824-SAB,0,0,0,0,0,1,0,20200501,20270317
825-DOM,0,0,0,0,0,0,1,20250929,20270317
825-DUT,1,1,1,1,1,0,0,20251203,20270317
825-SAB,0,0,0,0,0,1,0,20250929,20270317
827-DUT,1,1,1,1,1,0,0,20251212,20270317
827-DOM,0,0,0,0,0,0,1,20251212,20270317
827-SAB,0,0,0,0,0,1,0,20251212,20270317
831-DUT,1,1,1,1,1,0,0,20230801,20270317
831-DOM,0,0,0,0,0,0,1,20200905,20270317
831-SAB,0,0,0,0,0,1,0,20220319,20270317
841-SAB,0,0,0,0,0,1,0,20220801,20270317
841-DUT,1,1,1,1,1,0,0,20220801,20270317
841-DOM,0,0,0,0,0,0,1,20220801,20270317
842-DOM,0,0,0,0,0,0,1,20250201,20270317
842-SAB,0,0,0,0,0,1,0,20230902,20270317
842-DUT,1,1,1,1,1,0,0,20251001,20270317
843-DUT,1,1,1,1,1,0,0,20251021,20270317
843-DOM,0,0,0,0,0,0,1,20251020,20270317
843-SAB,0,0,0,0,0,1,0,20251020,20270317
844-DOM,0,0,0,0,0,0,1,20250706,20270317
844-SAB,0,0,0,0,0,1,0,20210227,20270317
844-DUT,1,1,1,1,1,0,0,20240930,20270317
846-SAB,0,0,0,0,0,1,0,20251212,20270317
846-DUT,1,1,1,1,1,0,0,20251212,20270317
846-DOM,0,0,0,0,0,0,1,20251212,20270317
847-DUT,1,1,1,1,1,0,0,20240516,20270317
847-DOM,0,0,0,0,0,0,1,20220601,20270317
847-SAB,0,0,0,0,0,1,0,20220618,20270317
852-DUT,1,1,1,1,1,0,0,20250918,20270317
852-DOM,0,0,0,0,0,0,1,20250918,20270317
852-SAB,0,0,0,0,0,1,0,20250918,20270317
858-DOM,0,0,0,0,0,0,1,20240901,20270317
860-DOM,0,0,0,0,0,0,1,20250929,20270317
860-SAB,0,0,0,0,0,1,0,20250929,20270317
860-DUT,1,1,1,1,1,0,0,20260301,20260331
861-DUT,1,1,1,1,1,0,0,20250903,20270317
861-SAB,0,0,0,0,0,1,0,20220820,20270317
861-DOM,0,0,0,0,0,0,1,20250511,20270317
870-DOM,0,0,0,0,0,0,1,20220619,20270317
870-SAB,0,0,0,0,0,1,0,20221126,20270317
870-DUT,1,1,1,1,1,0,0,20250422,20270317
881-DUT,1,1,1,1,1,0,0,20250610,20270317
881-DOM,0,0,0,0,0,0,1,20240817,20270317
881-SAB,0,0,0,0,0,1,0,20240817,20270317
882-SAB,0,0,0,0,0,1,0,20260110,20270317
882-DUT,1,1,1,1,1,0,0,20250422,20270317
882-DOM,0,0,0,0,0,0,1,20240512,20270317
883-SAB,0,0,0,0,0,1,0,20250719,20270317
883-DUT,1,1,1,1,1,0,0,20250804,20270317
883-DOM,0,0,0,0,0,0,1,20250719,20270317
884-SAB,0,0,0,0,0,1,0,20250510,20270317
884-DOM,0,0,0,0,0,0,1,20231029,20270317
884-DUT,1,1,1,1,1,0,0,20240930,20270317
885-DOM,0,0,0,0,0,0,1,20250929,20270317
885-DUT,1,1,1,1,1,0,0,20260108,20270317
885-SAB,0,0,0,0,0,1,0,20260110,20270317
886-DOM,0,0,0,0,0,0,1,20221207,20270317
886-SAB,0,0,0,0,0,1,0,20230826,20270317
886-DUT,1,1,1,1,1,0,0,20240722,20270317
892-DUT,1,1,1,1,1,0,0,20220801,20270317
892-SAB,0,0,0,0,0,1,0,20220801,20270317
892-DOM,0,0,0,0,0,0,1,20220801,20270317
893-SAB,0,0,0,0,0,1,0,20250720,20270317
893-DUT,1,1,1,1,1,0,0,20250720,20270317
893-DOM,0,0,0,0,0,0,1,20250720,20270317
894-SAB,0,0,0,0,0,1,0,20200905,20270317
894-DUT,1,1,1,1,1,0,0,20250801,20270317
894-DOM,0,0,0,0,0,0,1,20200905,20270317
895-SAB,0,0,0,0,0,1,0,20250510,20270317
895-DOM,0,0,0,0,0,0,1,20250511,20270317
895-DUT,1,1,1,1,1,0,0,20250422,20270317
901-DOM,0,0,0,0,0,0,1,20210822,20270317
901-SAB,0,0,0,0,0,1,0,20210821,20270317
901-DUT,1,1,1,1,1,0,0,20231020,20270317
910-DOM,0,0,0,0,0,0,1,20251103,20270317
910-SAB,0,0,0,0,0,1,0,20251103,20270317
910-DUT,1,1,1,1,1,0,0,20260311,20270317
914-DUT,1,1,1,1,1,0,0,20260301,20260331
914-SAB,0,0,0,0,0,1,0,20250719,20270317
914-DOM,0,0,0,0,0,0,1,20250719,20270317
916-DOM,0,0,0,0,0,0,1,20221207,20270317
916-DUT,1,1,1,1,1,0,0,20250903,20270317
916-SAB,0,0,0,0,0,1,0,20221207,20270317
